# Created by Octave 3.8.1, Sun Sep 06 22:17:11 2015 IST <specas@Spec-Ubuntu>
# name: theta2
# type: matrix
# rows: 1
# columns: 126
 1.82890654268761 0.04120727501732232 0.04120731049916237 0.04120723150506158 0.04120662603462998 0.04120747622196035 0.04120645697988181 0.04120729425778682 0.04120571075966238 0.0412070380872778 0.04120730075410244 0.04120709103811276 0.04120712973305684 0.04120714640405142 0.04120623580013343 0.04120760027479545 0.04120727604036871 0.0412071747561945 0.04120718064851581 0.04120725214937518 0.04120702817653252 0.04120690342252276 0.04120656268434268 0.04120659640427671 0.04120724853921431 0.04120743791736436 0.04120668238179934 0.0412063593224929 0.04120708285012984 0.04120648996520913 0.04120728887984855 0.0412073392602216 0.04120598706266373 0.04120663489957463 0.04120662256143282 0.0412071042258643 0.04120732771515576 0.04120708286747025 0.04120658031382317 0.04120734168108178 0.04120657903948261 0.0412066078856291 0.04120659419437465 0.04120730422942782 0.04120731157631711 0.0412075563848529 0.04120721809123305 0.04120538121754951 0.04120748978333819 0.04120716953629943 0.04120606401222872 0.04120701348102001 0.04120653749361941 0.04120647027497663 0.04120548893360866 0.04120652733510173 0.04120710973600389 0.04120625738166973 0.04120718823841094 0.04120759601218942 0.04120719725021173 0.04120639448528018 0.04120722226890604 0.04120730677313881 0.04120712947429125 0.04120716230373263 0.04120647390885469 0.0412073230440587 0.04120692538008311 0.04120655088675669 0.04120683516969526 0.04120757363565354 0.0412067409060058 0.04120725664270491 0.04120555498459894 0.04120724154191208 0.04120734389821996 0.04120711319643833 0.04120657472906447 0.04120729550197831 0.04120749163633412 0.04120738362618537 0.04120728612442763 0.04120719060101309 0.04120727306034091 0.04120737930584546 0.04120702931717508 0.04120728988296295 0.04120642616391814 0.04120551374787564 0.04120728328022569 0.04120727975063029 0.04120681531100502 0.04120725963240311 0.04120696139622208 0.04120647230887042 0.04120721997155124 0.04120724296898374 0.04120667895020142 0.04120718058981371 0.04120632807562673 0.04120735066611752 0.04120632388554261 0.04120725895734878 0.04120674187668363 0.04120618385287687 0.04120641001446413 0.04120636595042795 0.04120647959017698 0.04120676782405762 0.04120716494519848 0.0412076110529973 0.04120711866371423 0.04120615705998269 0.04120725663193436 0.04120717866445767 0.04120718777915183 0.04120656846444107 0.04120682846453343 0.04120706698894903 0.04120727468510089 0.04120728813844605 0.04120707153426268 0.04120638201288461 0.04120720284910869 0.04120597064116907


