# Created by Octave 3.8.1, Thu Sep 10 19:58:31 2015 IST <specas@Spec-Ubuntu>
# name: theta2
# type: matrix
# rows: 2
# columns: 126
 0.03627029246622308 -0.07753557200578638 0.127606869557527 -0.0962226712195054 0.146977797347751 0.1338759401175179 0.1564760263390861 0.011993231356804 0.04624338045078675 -0.09800218827802996 0.02363465002650918 -0.005032124399115391 0.01321102695655405 -0.1500287450536753 -0.1488520959584269 -0.1545475996514863 -0.1565220829810091 -0.1387617572803814 0.009644397193451067 -0.1353553415025986 -0.09451829610003824 0.1069828794770242 -0.1010325610646206 0.001049953626709163 -0.08944184455170459 0.1410335281713871 0.1592830090354647 0.1491250381071241 -0.1400820129791285 0.1482218212959373 0.1531656080458819 0.04064187510934592 0.1558407071531625 0.004860485563057393 0.1486244933627981 -0.1039081938640351 -0.1480399103673791 0.1501772081290917 -0.1125450205065574 0.1556320899452184 0.1569496735557627 -0.017230807552369 -0.1316223087149189 -0.1463567798014102 0.1117458506461527 -0.1471553342971423 0.1536546254693361 0.1505248903507282 0.1546572539664858 0.1482789709574955 -0.01881765204563249 0.1463108945509253 -0.04855800973857316 0.02452648210368117 -0.002637551204911653 -0.1535244817933559 -0.005537606090808797 -0.008663258236572087 0.1600170838543056 0.1591429269469788 -0.1111024121108559 -0.09904669744760003 0.1143878748468098 -0.151887131532232 0.05265011370491982 -0.08345145541750283 0.1393441562441313 0.01412686843515444 -0.1434295440380171 -0.08480745663627728 0.01072696315100331 0.1529153753014525 -0.04902390404580157 0.1479450177667564 0.1211419412042946 0.009972400894189035 0.02647907535434031 0.1465011924214123 -0.109279561476402 -0.1562649705439336 -0.1398979657971848 -0.04078761704510377 -0.004510346930382166 0.1082219520079969 0.06293605584972636 -0.0241195002339634 -0.1284518208153367 -0.155821773711435 -0.1369426740671738 0.1567717676023302 0.0003515257792695945 -0.04174448454696024 -0.1038993415359307 0.0004550098561123917 -0.004100229620277542 0.01447436441206109 0.03947077147283697 0.08379861089009362 -0.03376475529066499 0.1652006228843882 -0.001556927455174751 -0.1510909420632113 0.07655102633137004 -0.1371022054554976 -0.1463986815297868 -0.1364577744927583 0.136828609819554 0.1456491021467466 -0.1436716706754698 -0.1398430553163058 -0.1539947866653333 -0.1463239118458256 0.155681141335957 -0.1482452317422348 -0.150151105313448 -0.1144791790580718 0.1133913030913183 -0.1405248142963171 0.02459182346235821 0.04053190203980162 -0.1469461638433758 -0.08242875917583485 -0.1152195406018794 0.1582039960704176 0.1298994886934428 0.1486688313709225
 -0.02670046193193254 0.07780343224316767 -0.1253606139012469 0.09556207017040504 -0.1473361263984585 -0.133195805003005 -0.1555045762790518 -0.01247881135837148 -0.04344597332004473 0.09852252645547986 -0.02112562535823269 0.005274076642451175 -0.01288955536535065 0.1509097697397538 0.1492564847965628 0.1535670727294575 0.1565577294832025 0.1387627175085227 -0.005479053439273137 0.135729368680208 0.09585991779090648 -0.1041860324919196 0.100810807275044 -0.001031871712740029 0.089232118808362 -0.1399820992841082 -0.1597152114260041 -0.1506981413545712 0.1392305653513884 -0.1469393912539001 -0.1520665828912458 -0.03802243795349419 -0.1553685353084953 -0.001158631654099923 -0.1482210059937825 0.1037408768748292 0.1496158555756252 -0.1490528013733621 0.111811550533411 -0.1546131893634843 -0.1549081372384654 0.01642610266517965 0.1315670395299916 0.1470334564879575 -0.1085496569087427 0.1461079614530366 -0.1536957374385512 -0.1487335146420957 -0.1532838757255733 -0.146954975930952 0.01565918844102008 -0.1427126805842343 0.05088987176538846 -0.02294040408387708 0.002628284946699132 0.1540035300187842 0.00670883640096564 0.006726057301415723 -0.1587816164435658 -0.1575056853670238 0.1123991810841526 0.09838000435517057 -0.1134200340401061 0.1507648476196993 -0.05406194799409433 0.08360020513139574 -0.1368861437687101 -0.01699204076812291 0.1440181918461868 0.0844229182446104 -0.009479382241158844 -0.1535651490821307 0.05020685930782626 -0.1480154129266397 -0.1215291744351953 -0.008368310687847491 -0.02252548300820497 -0.14682848261595 0.1086902913630271 0.157043116652688 0.1410745145587534 0.0425794596532915 0.004690623706685552 -0.1077546881647565 -0.06102919548750373 0.02098424511438116 0.1279061735067476 0.1556976517076919 0.1373405461819067 -0.1560543572870533 -0.002752743970843691 0.04133569167787426 0.10376405378232 -0.00113726662226338 0.004328817976733763 -0.01266062477672507 -0.03682248060555386 -0.0826042265388526 0.03589273351921035 -0.1640941448472487 -3.496074868924857e-06 0.1515964377775685 -0.07545829719954517 0.1373335409773911 0.1459372376702098 0.1366993379739538 -0.136507884571366 -0.1428552762495206 0.1443096958976744 0.1395925315865232 0.155141360613337 0.1469132982197423 -0.1544096276614239 0.1493861190816704 0.1503714838333553 0.1136543273199752 -0.1095523598175243 0.1413594299186568 -0.02235610812120797 -0.04161737263511774 0.1476113707581551 0.08312988417348405 0.1175805767885087 -0.1567599834266021 -0.1263660896898865 -0.147667363361316


