# Created by Octave 3.8.1, Sun Sep 06 17:58:26 2015 IST <specas@Spec-Ubuntu>
# name: cost
# type: matrix
# rows: 53
# columns: 1
 18.16065061267478
 1.551062467120641
 0.9361800935882799
 0.6487795768138555
 0.1083627857284756
 0.05832594671607247
 0.03994951125302414
 0.03879568715312111
 0.03788087843233776
 0.03726759088718953
 0.0364858756168143
 0.03583472339883405
 0.01704886053553612
 0.01228336748345502
 0.01228216875526306
 0.009553470502701972
 0.007939371402996364
 0.006011502544734983
 0.005440187815195787
 0.005388721699862993
 0.005359764673072505
 0.005341417680024781
 0.005336298975972219
 0.005312340259958726
 0.005312228713723689
 0.005223444731898322
 0.005141822629248034
 0.004956776079854276
 0.004944789199688894
 0.004832272355941651
 0.004789817714639535
 0.004782519716788503
 0.004774148528752782
 0.004767707449161459
 0.004764528274998258
 0.004738436888359777
 0.00472384145614425
 0.00466817400615686
 0.00466264629520829
 0.00465836434267885
 0.004654783339354906
 0.004652142103542898
 0.004633779814941862
 0.004609086289184654
 0.004597380437467416
 0.00459490495049471
 0.004589759322642571
 0.004588994297140893
 0.004568830536437573
 0.004552353389563822
 0.004541441942531836
 0.004513149086673415
 0.004489728284387199


