# Created by Octave 3.8.1, Sun Sep 06 17:57:58 2015 IST <specas@Spec-Ubuntu>
# name: theta2
# type: matrix
# rows: 1
# columns: 126
 0.9369963372432574 0.0465674358449104 0.04656618808140834 0.04656492317108533 0.04656506197491574 0.0465614305596103 0.04656379662218137 0.0465646011304099 0.04656558149372798 0.04656366554066117 0.04656718602607972 0.04655134885945016 0.04656595145173875 0.04656786653211592 0.04656619859296226 0.0465644052140187 0.04655764894473638 0.04655717916459948 0.04656138920377323 0.04656773575841144 0.04656757937570107 0.04656547551392812 0.04656796677365064 0.04656770459922205 0.04656493780888392 0.04656582734129651 0.04656339916714668 0.04656699717991401 0.04656474275871952 0.04655739982899107 0.04655608026092566 0.04656557664621307 0.04655234490518619 0.04656691468091949 0.04656601602372096 0.04672689360071895 0.04656296775924122 0.04655433365063341 0.04656317054474302 0.04656462302163805 0.04656678380831924 0.04656812678852506 0.04671512354001606 0.0465597736299905 0.04656416809954791 0.04656609723757686 0.04656439560542857 0.04656452984053409 0.04656647517690077 0.04656436581918168 0.04656868978037056 0.04656466220656519 0.04656357948120805 0.04656752158339052 0.04671525717088472 0.04656081463014299 0.04656260207443604 0.04656349294859901 0.04656475160883101 0.04656082762193234 0.04656525965010938 0.04656698794192967 0.0465585667190371 0.04656344586134358 0.04656529640409577 0.04671238252443622 0.04655961282574036 0.04656877853608394 0.04656395840115546 0.04655497202322677 0.04656071018986754 0.04722258970899053 0.04669411657993305 0.04656541787977932 0.04656238227812162 0.04656587997818301 0.04656331995606648 0.04656809051308151 0.04655999520131805 0.04656615445742365 0.04656791693234133 0.04655444566554 0.04656499787133976 0.04655756761945862 0.04671040721926022 0.04656781445229968 0.04656655558600641 0.04655599971129207 0.04656538860370369 0.04656679377908891 0.04656412396659879 0.04656617567461083 0.04656554275405405 0.04656722173337751 0.04656720085652367 0.04654637748831602 0.04657103103306409 0.04656419769113232 0.04655530491961441 0.04656239467671455 0.04655634584335777 0.04682083511245866 0.04656436788116063 0.04656526345116366 0.04655134985670291 0.04656430953334809 0.0465684404876815 0.04656187655803271 0.04656773488350633 0.04656612617492788 0.04656483729621552 0.04659640307984857 0.04656723527916033 0.04671222970484654 0.04656682821043533 0.04656071993725466 0.04656660738124292 0.04656773887741897 0.04656484971915632 0.04656613880505385 0.04655623722868155 0.04656532565156182 0.04656350264114674 0.04655709101494757 0.04656451377092695 0.04656375042074607


